Frequency (Hz)	Level (dB)
43.066406	-57.757465
86.132812	-33.415653
129.199219	-27.038107
172.265625	-28.852461
215.332031	-26.706827
258.398438	-21.974194
301.464844	-25.134544
344.531250	-28.076290
387.597656	-38.240555
430.664062	-45.649467
473.730469	-49.793209
516.796875	-58.555820
559.863281	-54.090221
602.929688	-51.659683
645.996094	-52.485634
689.062500	-54.462471
732.128906	-55.914089
775.195312	-52.681805
818.261719	-53.212284
861.328125	-53.570831
904.394531	-58.825703
947.460938	-63.161194
990.527344	-65.584427
1033.593750	-67.943573
1076.660156	-71.090706
1119.726562	-72.499466
1162.792969	-72.095596
1205.859375	-70.752502
1248.925781	-72.608215
1291.992188	-73.476219
1335.058594	-74.203819
1378.125000	-74.339188
1421.191406	-74.429520
1464.257812	-73.325005
1507.324219	-72.589859
1550.390625	-72.395752
1593.457031	-72.322289
1636.523438	-71.913773
1679.589844	-72.086098
1722.656250	-72.971886
1765.722656	-72.882149
1808.789062	-74.062752
1851.855469	-74.246635
1894.921875	-74.662079
1937.988281	-74.851875
1981.054688	-73.955605
2024.121094	-74.886093
2067.187500	-75.454971
2110.253906	-76.017365
2153.320312	-75.855446
2196.386719	-76.000572
2239.453125	-76.359848
2282.519531	-76.443420
2325.585938	-76.616531
2368.652344	-76.579697
2411.718750	-76.384514
2454.785156	-76.069946
2497.851562	-76.302589
2540.917969	-76.547745
2583.984375	-76.916748
2627.050781	-76.971413
2670.117188	-77.005981
2713.183594	-77.152000
2756.250000	-77.082153
2799.316406	-77.128479
2842.382812	-76.967102
2885.449219	-76.995171
2928.515625	-75.947266
2971.582031	-75.386742
3014.648438	-76.575096
3057.714844	-77.234016
3100.781250	-76.807381
3143.847656	-76.985741
3186.914062	-76.950195
3229.980469	-77.413803
3273.046875	-77.412239
3316.113281	-77.009903
3359.179688	-77.281693
3402.246094	-77.483986
3445.312500	-77.554016
3488.378906	-77.107819
3531.445312	-77.667778
3574.511719	-77.351173
3617.578125	-76.745155
3660.644531	-74.878281
3703.710938	-75.476753
3746.777344	-75.404678
3789.843750	-76.363686
3832.910156	-77.537010
3875.976562	-77.619461
3919.042969	-77.229637
3962.109375	-78.092400
4005.175781	-79.639786
4048.242188	-80.135445
4091.308594	-80.330589
4134.375000	-80.258926
4177.441406	-80.613960
4220.507812	-80.829170
4263.574219	-80.749672
4306.640625	-79.866310
4349.707031	-79.447594
4392.773438	-80.017128
4435.839844	-80.590981
4478.906250	-80.815231
4521.972656	-80.746559
4565.039062	-80.659355
4608.105469	-80.860725
4651.171875	-80.748550
4694.238281	-81.045540
4737.304688	-80.923798
4780.371094	-80.637657
4823.437500	-81.266045
4866.503906	-81.573387
4909.570312	-81.689873
4952.636719	-81.486183
4995.703125	-81.516815
5038.769531	-81.909462
5081.835938	-82.467949
5124.902344	-82.227280
5167.968750	-81.929802
5211.035156	-82.194565
5254.101562	-82.224060
5297.167969	-82.348427
5340.234375	-82.375160
5383.300781	-82.518692
5426.367188	-82.363251
5469.433594	-82.570366
5512.500000	-82.601357
5555.566406	-82.517975
5598.632812	-82.467049
5641.699219	-82.104721
5684.765625	-82.483467
5727.832031	-82.806068
5770.898438	-82.702423
5813.964844	-82.611511
5857.031250	-82.334900
5900.097656	-83.043747
5943.164062	-83.624748
5986.230469	-83.196579
6029.296875	-83.142082
6072.363281	-83.103600
6115.429688	-82.129631
6158.496094	-82.575485
6201.562500	-82.636658
6244.628906	-82.628510
6287.695312	-83.203903
6330.761719	-83.613335
6373.828125	-82.912270
6416.894531	-84.104630
6459.960938	-84.577232
6503.027344	-84.406815
6546.093750	-84.984703
6589.160156	-85.109131
6632.226562	-85.132973
6675.292969	-85.810570
6718.359375	-86.165924
6761.425781	-86.234718
6804.492188	-86.237053
6847.558594	-86.567535
6890.625000	-86.922997
6933.691406	-86.853806
6976.757812	-86.791138
7019.824219	-86.786064
7062.890625	-87.060410
7105.957031	-87.357094
7149.023438	-87.463608
7192.089844	-87.515564
7235.156250	-87.673027
7278.222656	-88.026878
7321.289062	-88.169731
7364.355469	-88.409332
7407.421875	-88.649620
7450.488281	-88.537773
7493.554688	-88.549713
7536.621094	-88.720825
7579.687500	-88.797867
7622.753906	-88.957359
7665.820312	-88.859932
7708.886719	-88.665398
7751.953125	-89.284180
7795.019531	-89.773964
7838.085938	-89.805115
7881.152344	-89.672806
7924.218750	-90.118118
7967.285156	-89.974640
8010.351562	-89.958992
8053.417969	-90.078888
8096.484375	-90.112007
8139.550781	-90.383972
8182.617188	-90.387756
8225.683594	-90.771736
8268.750000	-90.902130
8311.816406	-90.860954
8354.882812	-91.110901
8397.949219	-91.382919
8441.015625	-91.003342
8484.082031	-91.113152
8527.148438	-91.265381
8570.214844	-91.398048
8613.281250	-91.573875
8656.347656	-91.720451
8699.414062	-92.335968
8742.480469	-92.542778
8785.546875	-92.544830
8828.613281	-93.012962
8871.679688	-93.200775
8914.746094	-93.091049
8957.812500	-93.018555
9000.878906	-93.275993
9043.945312	-93.955322
9087.011719	-94.067429
9130.078125	-94.195442
9173.144531	-94.409775
9216.210938	-94.323067
9259.277344	-94.103149
9302.343750	-94.412704
9345.410156	-94.869705
9388.476562	-95.265251
9431.542969	-95.522003
9474.609375	-95.746742
9517.675781	-95.972908
9560.742188	-96.218826
9603.808594	-96.425453
9646.875000	-96.916054
9689.941406	-97.398804
9733.007812	-97.267532
9776.074219	-97.351997
9819.140625	-97.764961
9862.207031	-98.006226
9905.273438	-98.169128
9948.339844	-98.550438
9991.406250	-98.936783
10034.472656	-99.219398
10077.539062	-99.388229
10120.605469	-99.320549
10163.671875	-99.561691
10206.738281	-99.765549
10249.804688	-100.008987
10292.871094	-99.799545
10335.937500	-99.829735
10379.003906	-99.914024
10422.070312	-99.967834
10465.136719	-100.333679
10508.203125	-100.104431
10551.269531	-100.189415
10594.335938	-100.356781
10637.402344	-100.241493
10680.468750	-100.005272
10723.535156	-99.896759
10766.601562	-99.788734
10809.667969	-99.801773
10852.734375	-99.752319
10895.800781	-99.707870
10938.867188	-99.572838
10981.933594	-99.253502
11025.000000	-99.354698
11068.066406	-99.239494
11111.132812	-99.381340
11154.199219	-99.065399
11197.265625	-98.892548
11240.332031	-98.875061
11283.398438	-98.823730
11326.464844	-98.956009
11369.531250	-98.755524
11412.597656	-98.879860
11455.664062	-98.757675
11498.730469	-98.954231
11541.796875	-99.139763
11584.863281	-99.073128
11627.929688	-99.269699
11670.996094	-99.096527
11714.062500	-98.764641
11757.128906	-98.893166
11800.195312	-98.916718
11843.261719	-98.724571
11886.328125	-98.574402
11929.394531	-98.637520
11972.460938	-98.850082
12015.527344	-98.754036
12058.593750	-98.497841
12101.660156	-98.479683
12144.726562	-98.290245
12187.792969	-97.998291
12230.859375	-97.505104
12273.925781	-97.103218
12316.992188	-97.406830
12360.058594	-97.380981
12403.125000	-97.323631
12446.191406	-97.570724
12489.257812	-97.793137
12532.324219	-97.822655
12575.390625	-97.340736
12618.457031	-96.856178
12661.523438	-96.597923
12704.589844	-96.476631
12747.656250	-96.771690
12790.722656	-96.392731
12833.789062	-96.702065
12876.855469	-97.080643
12919.921875	-97.072830
12962.988281	-97.085472
13006.054688	-97.232903
13049.121094	-97.366096
13092.187500	-97.302162
13135.253906	-97.541931
13178.320312	-97.617561
13221.386719	-97.103409
13264.453125	-97.132507
13307.519531	-97.597565
13350.585938	-97.873039
13393.652344	-97.757179
13436.718750	-97.741753
13479.785156	-97.769623
13522.851562	-97.880920
13565.917969	-98.114426
13608.984375	-98.303490
13652.050781	-98.227615
13695.117188	-98.346420
13738.183594	-98.483345
13781.250000	-98.377106
13824.316406	-98.462852
13867.382812	-98.970291
13910.449219	-99.102730
13953.515625	-98.799438
13996.582031	-99.105247
14039.648438	-99.070122
14082.714844	-99.350578
14125.781250	-99.254280
14168.847656	-99.044006
14211.914062	-99.530869
14254.980469	-99.750778
14298.046875	-99.721970
14341.113281	-99.945900
14384.179688	-100.343239
14427.246094	-100.411888
14470.312500	-100.396744
14513.378906	-100.104950
14556.445312	-100.244827
14599.511719	-100.951782
14642.578125	-101.089348
14685.644531	-100.989685
14728.710938	-101.184143
14771.777344	-101.477699
14814.843750	-101.283875
14857.910156	-101.624908
14900.976562	-101.717308
14944.042969	-102.032356
14987.109375	-102.484520
15030.175781	-102.575638
15073.242188	-102.379211
15116.308594	-102.513451
15159.375000	-102.594604
15202.441406	-102.828529
15245.507812	-102.580772
15288.574219	-102.794586
15331.640625	-103.216599
15374.707031	-103.459419
15417.773438	-103.420273
15460.839844	-103.253151
15503.906250	-103.399643
15546.972656	-103.706139
15590.039062	-104.117020
15633.105469	-104.410622
15676.171875	-104.136856
15719.238281	-104.054642
15762.304688	-104.915611
15805.371094	-105.495499
15848.437500	-105.043182
15891.503906	-105.012657
15934.570312	-105.319351
15977.636719	-106.070198
16020.703125	-105.893013
16063.769531	-105.750443
16106.835938	-106.246727
16149.902344	-106.401871
16192.968750	-106.568451
16236.035156	-106.676826
16279.101562	-106.709419
16322.167969	-106.699501
16365.234375	-106.785294
16408.300781	-106.690361
16451.367188	-106.565147
16494.433594	-106.683052
16537.500000	-106.750870
16580.566406	-106.924957
16623.632812	-107.074203
16666.699219	-106.782722
16709.765625	-107.400459
16752.832031	-109.503189
16795.898438	-113.592346
16838.964844	-117.924965
16882.031250	-119.915741
16925.097656	-120.065918
16968.164062	-120.044144
17011.230469	-119.970299
17054.296875	-119.724625
17097.363281	-120.012390
17140.429688	-120.249207
17183.496094	-120.426888
17226.562500	-120.346504
17269.628906	-120.229134
17312.695312	-120.043045
17355.761719	-119.977303
17398.828125	-120.099846
17441.894531	-120.162766
17484.960938	-120.174156
17528.027344	-120.238976
17571.093750	-120.207993
17614.160156	-119.786095
17657.226562	-119.861794
17700.292969	-120.174530
17743.359375	-119.959076
17786.425781	-120.059952
17829.492188	-120.208534
17872.558594	-120.223572
17915.625000	-120.056725
17958.691406	-120.141296
18001.757812	-120.101707
18044.824219	-120.033516
18087.890625	-120.106277
18130.957031	-120.002060
18174.023438	-119.852776
18217.089844	-120.003975
18260.156250	-120.126884
18303.222656	-120.111046
18346.289062	-119.967224
18389.355469	-120.159401
18432.421875	-120.412247
18475.488281	-120.122154
18518.554688	-119.992065
18561.621094	-119.976219
18604.687500	-120.191917
18647.753906	-120.264053
18690.820312	-120.155388
18733.886719	-120.113533
18776.953125	-120.314705
18820.019531	-120.675560
18863.085938	-120.265526
18906.152344	-120.414734
18949.218750	-120.531578
18992.285156	-120.246231
19035.351562	-120.019859
19078.417969	-120.140175
19121.484375	-120.361176
19164.550781	-120.183968
19207.617188	-120.217285
19250.683594	-120.441002
19293.750000	-120.486778
19336.816406	-120.349205
19379.882812	-120.188812
19422.949219	-120.379295
19466.015625	-120.489937
19509.082031	-120.308472
19552.148438	-120.381744
19595.214844	-120.159935
19638.281250	-120.137489
19681.347656	-120.540092
19724.414062	-120.428078
19767.480469	-120.354248
19810.546875	-120.321815
19853.613281	-120.425255
19896.679688	-120.498497
19939.746094	-120.445557
19982.812500	-120.620537
20025.878906	-120.612228
20068.945312	-120.523727
20112.011719	-120.405396
20155.078125	-120.180534
20198.144531	-120.424431
20241.210938	-120.495567
20284.277344	-120.458145
20327.343750	-120.153053
20370.410156	-120.197655
20413.476562	-120.510506
20456.542969	-120.488052
20499.609375	-120.487328
20542.675781	-120.501198
20585.742188	-120.410179
20628.808594	-120.244507
20671.875000	-120.169624
20714.941406	-120.244431
20758.007812	-120.430260
20801.074219	-120.356911
20844.140625	-120.592003
20887.207031	-120.511246
20930.273438	-120.169632
20973.339844	-120.264885
21016.406250	-120.465897
21059.472656	-120.449539
21102.539062	-120.430489
21145.605469	-120.665184
21188.671875	-120.409912
21231.738281	-120.243637
21274.804688	-120.443810
21317.871094	-120.344856
21360.937500	-119.979393
21404.003906	-120.230812
21447.070312	-120.448357
21490.136719	-120.342461
21533.203125	-120.424133
21576.269531	-120.490456
21619.335938	-120.442528
21662.402344	-120.219482
21705.468750	-120.292961
21748.535156	-120.424126
21791.601562	-120.500870
21834.667969	-120.414146
21877.734375	-120.483414
21920.800781	-120.295433
21963.867188	-120.668716
22006.933594	-122.315460
