Frequency (Hz)	Level (dB)
43.066406	-58.086231
86.132812	-34.169899
129.199219	-27.793388
172.265625	-29.608358
215.332031	-27.446543
258.398438	-22.711288
301.464844	-25.869085
344.531250	-28.805786
387.597656	-38.964195
430.664062	-46.359810
473.730469	-50.494438
516.796875	-59.111107
559.863281	-54.804012
602.929688	-52.344414
645.996094	-53.104797
689.062500	-55.088840
732.128906	-56.483921
775.195312	-53.407482
818.261719	-53.898808
861.328125	-54.279987
904.394531	-59.558159
947.460938	-63.777275
990.527344	-66.110710
1033.593750	-68.332756
1076.660156	-71.080956
1119.726562	-72.279938
1162.792969	-71.895874
1205.859375	-70.739639
1248.925781	-72.368401
1291.992188	-73.315773
1335.058594	-74.020767
1378.125000	-74.098999
1421.191406	-74.309845
1464.257812	-73.592163
1507.324219	-72.967751
1550.390625	-72.716911
1593.457031	-72.662079
1636.523438	-72.258591
1679.589844	-72.425095
1722.656250	-73.422699
1765.722656	-73.324707
1808.789062	-74.485008
1851.855469	-74.660378
1894.921875	-75.020790
1937.988281	-75.332809
1981.054688	-74.421150
2024.121094	-75.385979
2067.187500	-75.951027
2110.253906	-76.466675
2153.320312	-76.369019
2196.386719	-76.527786
2239.453125	-76.877243
2282.519531	-76.963997
2325.585938	-77.140816
2368.652344	-77.112358
2411.718750	-76.904396
2454.785156	-76.609772
2497.851562	-76.835770
2540.917969	-77.069733
2583.984375	-77.453880
2627.050781	-77.521538
2670.117188	-77.549606
2713.183594	-77.700737
2756.250000	-77.654701
2799.316406	-77.693336
2842.382812	-77.535263
2885.449219	-77.570107
2928.515625	-76.525909
2971.582031	-75.974312
3014.648438	-77.173553
3057.714844	-77.808876
3100.781250	-77.404930
3143.847656	-77.600426
3186.914062	-77.552010
3229.980469	-78.012665
3273.046875	-78.011253
3316.113281	-77.606384
3359.179688	-77.884590
3402.246094	-78.103905
3445.312500	-78.170158
3488.378906	-77.718956
3531.445312	-78.264648
3574.511719	-77.952927
3617.578125	-77.355698
3660.644531	-75.479057
3703.710938	-76.061264
3746.777344	-76.006569
3789.843750	-76.947205
3832.910156	-78.107155
3875.976562	-78.193100
3919.042969	-77.823166
3962.109375	-78.673988
4005.175781	-80.203117
4048.242188	-80.701820
4091.308594	-80.904091
4134.375000	-80.827538
4177.441406	-81.157379
4220.507812	-81.378113
4263.574219	-81.297218
4306.640625	-80.402008
4349.707031	-79.980774
4392.773438	-80.561287
4435.839844	-81.113632
4478.906250	-81.329048
4521.972656	-81.256020
4565.039062	-81.139397
4608.105469	-81.341148
4651.171875	-81.237427
4694.238281	-81.525101
4737.304688	-81.395744
4780.371094	-81.102364
4823.437500	-81.708755
4866.503906	-82.015114
4909.570312	-82.134583
4952.636719	-81.913414
4995.703125	-81.939568
5038.769531	-82.321136
5081.835938	-82.882927
5124.902344	-82.620369
5167.968750	-82.320602
5211.035156	-82.586678
5254.101562	-82.612267
5297.167969	-82.721413
5340.234375	-82.725822
5383.300781	-82.889069
5426.367188	-82.736946
5469.433594	-82.929504
5512.500000	-82.958771
5555.566406	-82.873466
5598.632812	-82.817955
5641.699219	-82.445267
5684.765625	-82.832253
5727.832031	-83.153221
5770.898438	-83.056488
5813.964844	-82.963493
5857.031250	-82.655113
5900.097656	-83.349968
5943.164062	-83.951424
5986.230469	-83.515358
6029.296875	-83.448402
6072.363281	-83.411469
6115.429688	-82.430344
6158.496094	-82.882355
6201.562500	-82.958977
6244.628906	-82.928146
6287.695312	-83.505829
6330.761719	-83.925056
6373.828125	-83.233482
6416.894531	-84.411774
6459.960938	-84.896461
6503.027344	-84.727089
6546.093750	-85.301956
6589.160156	-85.429825
6632.226562	-85.436684
6675.292969	-86.120567
6718.359375	-86.502007
6761.425781	-86.572037
6804.492188	-86.574028
6847.558594	-86.901665
6890.625000	-87.235268
6933.691406	-87.182274
6976.757812	-87.109215
7019.824219	-87.103188
7062.890625	-87.369308
7105.957031	-87.665085
7149.023438	-87.789040
7192.089844	-87.861580
7235.156250	-88.017197
7278.222656	-88.369148
7321.289062	-88.497223
7364.355469	-88.704605
7407.421875	-88.955559
7450.488281	-88.842400
7493.554688	-88.849197
7536.621094	-89.030991
7579.687500	-89.064705
7622.753906	-89.228127
7665.820312	-89.122520
7708.886719	-88.940872
7751.953125	-89.565704
7795.019531	-90.035973
7838.085938	-90.069427
7881.152344	-89.934837
7924.218750	-90.384315
7967.285156	-90.239014
8010.351562	-90.183159
8053.417969	-90.314789
8096.484375	-90.359627
8139.550781	-90.590294
8182.617188	-90.581123
8225.683594	-90.990753
8268.750000	-91.114632
8311.816406	-91.057617
8354.882812	-91.299309
8397.949219	-91.555756
8441.015625	-91.179253
8484.082031	-91.294487
8527.148438	-91.409798
8570.214844	-91.599495
8613.281250	-91.742805
8656.347656	-91.827682
8699.414062	-92.421791
8742.480469	-92.666336
8785.546875	-92.685036
8828.613281	-93.108932
8871.679688	-93.276009
8914.746094	-93.173584
8957.812500	-93.087059
9000.878906	-93.326637
9043.945312	-94.017342
9087.011719	-94.094872
9130.078125	-94.232117
9173.144531	-94.497551
9216.210938	-94.352493
9259.277344	-94.153519
9302.343750	-94.455650
9345.410156	-94.888397
9388.476562	-95.270401
9431.542969	-95.463104
9474.609375	-95.682327
9517.675781	-95.953201
9560.742188	-96.179924
9603.808594	-96.419472
9646.875000	-96.935287
9689.941406	-97.462471
9733.007812	-97.239998
9776.074219	-97.281639
9819.140625	-97.689453
9862.207031	-97.944702
9905.273438	-98.096497
9948.339844	-98.475395
9991.406250	-98.924644
10034.472656	-99.228096
10077.539062	-99.253563
10120.605469	-99.196899
10163.671875	-99.415695
10206.738281	-99.648140
10249.804688	-99.903770
10292.871094	-99.734131
10335.937500	-99.805138
10379.003906	-99.837952
10422.070312	-99.783714
10465.136719	-100.164101
10508.203125	-100.031319
10551.269531	-100.165512
10594.335938	-100.287567
10637.402344	-100.193840
10680.468750	-99.943718
10723.535156	-99.759583
10766.601562	-99.706970
10809.667969	-99.700958
10852.734375	-99.733879
10895.800781	-99.749352
10938.867188	-99.613121
10981.933594	-99.260056
11025.000000	-99.366341
11068.066406	-99.220062
11111.132812	-99.307320
11154.199219	-99.042892
11197.265625	-98.935814
11240.332031	-98.877296
11283.398438	-98.790817
11326.464844	-98.925758
11369.531250	-98.717186
11412.597656	-98.832855
11455.664062	-98.739449
11498.730469	-98.895378
11541.796875	-99.089119
11584.863281	-99.039131
11627.929688	-99.119591
11670.996094	-98.979996
11714.062500	-98.695633
11757.128906	-98.873566
11800.195312	-98.900803
11843.261719	-98.741165
11886.328125	-98.634430
11929.394531	-98.538757
11972.460938	-98.778297
12015.527344	-98.687790
12058.593750	-98.415085
12101.660156	-98.425247
12144.726562	-98.275055
12187.792969	-97.958069
12230.859375	-97.481537
12273.925781	-97.159012
12316.992188	-97.478165
12360.058594	-97.366867
12403.125000	-97.202782
12446.191406	-97.458282
12489.257812	-97.719688
12532.324219	-97.778908
12575.390625	-97.274330
12618.457031	-96.884758
12661.523438	-96.669586
12704.589844	-96.545982
12747.656250	-96.808884
12790.722656	-96.445457
12833.789062	-96.787628
12876.855469	-97.145927
12919.921875	-97.105652
12962.988281	-97.087959
13006.054688	-97.179703
13049.121094	-97.361763
13092.187500	-97.299698
13135.253906	-97.521782
13178.320312	-97.651031
13221.386719	-97.143227
13264.453125	-97.223961
13307.519531	-97.677322
13350.585938	-97.882294
13393.652344	-97.779655
13436.718750	-97.747147
13479.785156	-97.861290
13522.851562	-97.976685
13565.917969	-98.189407
13608.984375	-98.349991
13652.050781	-98.299484
13695.117188	-98.443954
13738.183594	-98.645592
13781.250000	-98.545517
13824.316406	-98.610298
13867.382812	-99.052521
13910.449219	-99.190285
13953.515625	-98.857674
13996.582031	-99.173141
14039.648438	-99.168648
14082.714844	-99.534035
14125.781250	-99.382477
14168.847656	-99.187019
14211.914062	-99.688133
14254.980469	-99.952278
14298.046875	-99.946495
14341.113281	-100.187943
14384.179688	-100.509819
14427.246094	-100.616203
14470.312500	-100.567520
14513.378906	-100.259781
14556.445312	-100.472588
14599.511719	-101.124001
14642.578125	-101.268921
14685.644531	-101.204628
14728.710938	-101.400383
14771.777344	-101.707230
14814.843750	-101.517105
14857.910156	-101.850090
14900.976562	-101.941978
14944.042969	-102.210480
14987.109375	-102.673851
15030.175781	-102.780136
15073.242188	-102.535599
15116.308594	-102.679070
15159.375000	-102.790237
15202.441406	-102.943024
15245.507812	-102.730797
15288.574219	-103.005348
15331.640625	-103.362991
15374.707031	-103.598457
15417.773438	-103.644714
15460.839844	-103.455635
15503.906250	-103.661972
15546.972656	-103.902321
15590.039062	-104.196793
15633.105469	-104.563644
15676.171875	-104.263313
15719.238281	-104.119484
15762.304688	-104.880775
15805.371094	-105.533661
15848.437500	-105.270866
15891.503906	-105.111755
15934.570312	-105.103630
15977.636719	-105.851189
16020.703125	-105.867424
16063.769531	-105.754547
16106.835938	-106.107346
16149.902344	-106.291649
16192.968750	-106.271057
16236.035156	-106.283478
16279.101562	-106.361633
16322.167969	-106.476128
16365.234375	-106.732933
16408.300781	-106.553368
16451.367188	-106.413795
16494.433594	-106.527054
16537.500000	-106.634575
16580.566406	-106.808731
16623.632812	-106.951294
16666.699219	-106.787895
16709.765625	-107.270363
16752.832031	-108.826920
16795.898438	-111.197792
16838.964844	-112.760071
16882.031250	-113.387703
16925.097656	-113.383896
16968.164062	-113.248726
17011.230469	-113.458199
17054.296875	-113.319534
17097.363281	-112.875801
17140.429688	-112.906525
17183.496094	-113.425148
17226.562500	-113.530319
17269.628906	-113.394012
17312.695312	-113.479897
17355.761719	-113.218987
17398.828125	-113.299713
17441.894531	-113.371246
17484.960938	-113.182297
17528.027344	-113.357475
17571.093750	-113.315842
17614.160156	-113.077164
17657.226562	-113.051857
17700.292969	-113.177475
17743.359375	-113.218468
17786.425781	-113.326454
17829.492188	-113.508682
17872.558594	-113.223457
17915.625000	-113.417000
17958.691406	-113.371101
18001.757812	-113.209099
18044.824219	-113.409492
18087.890625	-113.588928
18130.957031	-113.170448
18174.023438	-113.005524
18217.089844	-113.107193
18260.156250	-113.412506
18303.222656	-113.406235
18346.289062	-113.450539
18389.355469	-113.633942
18432.421875	-113.448532
18475.488281	-113.412743
18518.554688	-113.301033
18561.621094	-113.483116
18604.687500	-113.755562
18647.753906	-113.551468
18690.820312	-113.470680
18733.886719	-113.445572
18776.953125	-113.203308
18820.019531	-113.425285
18863.085938	-113.364044
18906.152344	-113.502731
18949.218750	-113.526299
18992.285156	-113.394241
19035.351562	-113.213318
19078.417969	-113.528687
19121.484375	-113.589462
19164.550781	-113.448631
19207.617188	-113.531853
19250.683594	-113.663368
19293.750000	-113.807953
19336.816406	-113.662590
19379.882812	-113.453789
19422.949219	-113.571724
19466.015625	-113.651810
19509.082031	-113.490334
19552.148438	-113.532066
19595.214844	-113.638054
19638.281250	-113.507729
19681.347656	-113.673065
19724.414062	-114.017487
19767.480469	-113.991165
19810.546875	-113.982590
19853.613281	-114.267914
19896.679688	-114.360313
19939.746094	-114.239555
19982.812500	-114.071815
20025.878906	-114.199341
20068.945312	-114.206291
20112.011719	-114.476700
20155.078125	-114.775314
20198.144531	-114.599388
20241.210938	-114.512383
20284.277344	-114.816879
20327.343750	-114.840363
20370.410156	-114.807411
20413.476562	-114.979233
20456.542969	-115.050888
20499.609375	-115.084541
20542.675781	-115.072327
20585.742188	-115.348846
20628.808594	-115.266357
20671.875000	-115.243683
20714.941406	-115.446228
20758.007812	-115.403442
20801.074219	-115.574104
20844.140625	-115.696877
20887.207031	-115.601082
20930.273438	-115.555374
20973.339844	-115.749969
21016.406250	-115.809402
21059.472656	-115.994087
21102.539062	-116.050507
21145.605469	-116.058655
21188.671875	-116.407227
21231.738281	-116.389633
21274.804688	-116.773262
21317.871094	-116.769333
21360.937500	-116.589073
21404.003906	-117.076363
21447.070312	-117.437515
21490.136719	-117.398064
21533.203125	-117.219536
21576.269531	-117.167931
21619.335938	-117.372589
21662.402344	-117.446434
21705.468750	-117.254074
21748.535156	-117.360336
21791.601562	-117.319672
21834.667969	-117.470856
21877.734375	-117.397530
21920.800781	-117.296165
21963.867188	-117.395462
22006.933594	-117.363182
